0.007599999662488699
0.14100000262260437
0.357699990272522
0.44349998235702515
0.46719998121261597
0.48409998416900635
0.5033000111579895
0.5231999754905701
0.5153999924659729
0.527999997138977
0.5339999794960022
0.5300999879837036
0.5306999683380127
0.5440999865531921
0.5410999655723572
0.5551999807357788
0.5503000020980835
0.5557000041007996
0.552299976348877
0.5582000017166138
0.5641999840736389
0.5641999840736389
0.5654000043869019
0.5787999629974365
0.5647000074386597
0.5778999924659729
0.5773999691009521
0.5733999609947205
0.5741999745368958
0.5770999789237976
0.583899974822998
0.582099974155426
0.5853999853134155
0.5916999578475952
0.5803999900817871
0.589199960231781
0.5856999754905701
0.5843999981880188
0.5859999656677246
0.5864999890327454
0.5971999764442444
0.5831999778747559
0.590399980545044
0.5806999802589417
0.5874999761581421
0.5898000001907349
0.5902999639511108
0.5866999626159668
0.5913000106811523
0.5882999897003174
0.585599958896637
0.5875999927520752
0.5942999720573425
0.5906999707221985
0.5922999978065491
0.586899995803833
0.5956000089645386
0.5950999855995178
0.5906999707221985
0.5911999940872192
0.5913000106811523
0.5877000093460083
0.6018999814987183
0.6001999974250793
0.5837999582290649
0.5954999923706055
0.5895999670028687
0.5990999937057495
0.5877000093460083
0.5938000082969666
0.5870000123977661
0.5999000072479248
0.5877000093460083
0.5983999967575073
0.5941999554634094
0.5870000123977661
0.6010000109672546
0.589199960231781
0.5985000133514404
0.5932999849319458
0.5999999642372131
0.5830000042915344
0.5963000059127808
0.59579998254776
0.5958999991416931
0.5913000106811523
0.6043999791145325
0.5958999991416931
0.5891000032424927
0.5910999774932861
0.016999999061226845
0.13359999656677246
0.31219998002052307
0.36640000343322754
0.39319998025894165
0.436599999666214
0.4537999927997589
0.4666000008583069
0.4705999791622162
0.48079997301101685
0.498199999332428
0.49619999527931213
0.49300000071525574
0.5062000155448914
0.5083999633789062
0.5115999579429626
0.5073999762535095
0.5234000086784363
0.5081999897956848
0.5149999856948853
0.5166000127792358
0.5126000046730042
0.5231999754905701
0.5253999829292297
0.5245999693870544
0.5383999943733215
0.5302000045776367
0.5315999984741211
0.5277999639511108
0.5315999984741211
0.538599967956543
0.5401999950408936
0.5333999991416931
0.5429999828338623
0.5493999719619751
0.5320000052452087
0.5311999917030334
0.5496000051498413
0.5297999978065491
0.5379999876022339
0.5419999957084656
0.5467999577522278
0.5425999760627747
0.5388000011444092
0.5497999787330627
0.5607999563217163
0.5547999739646912
0.5375999808311462
0.548799991607666
0.5455999970436096
0.5521999597549438
0.5515999794006348
0.5525999665260315
0.5460000038146973
0.5564000010490417
0.5557999610900879
0.5593999624252319
0.5501999855041504
0.5539999604225159
0.5493999719619751
0.5565999746322632
0.561199963092804
0.5703999996185303
0.5396000146865845
0.5507999658584595
0.5591999888420105
0.5597999691963196
0.5489999651908875
0.5515999794006348
0.5609999895095825
0.5523999929428101
0.5579999685287476
0.5550000071525574
0.5555999875068665
0.5597999691963196
0.5573999881744385
0.5515999794006348
0.5643999576568604
0.5655999779701233
0.5573999881744385
0.5601999759674072
0.5515999794006348
0.567799985408783
0.5622000098228455
0.5557999610900879
0.5501999855041504
0.5559999942779541
0.5615999698638916
0.5583999752998352
0.5597999691963196
0.5625999569892883
0.553600013256073
0.5643999576568604
0.5551999807357788
0.5587999820709229
0.5573999881744385
0.5568000078201294
0.5539999604225159
0.5715999603271484
0.5605999827384949
0.5654000043869019
0.5559999942779541
0.5615999698638916
0.545199990272522
0.5654000043869019
0.5527999997138977
0.5559999942779541
0.5717999935150146
0.5622000098228455
0.5655999779701233
0.5618000030517578
0.5595999956130981
0.5609999895095825
0.5597999691963196
0.5672000050544739
0.5496000051498413
0.5690000057220459
0.5546000003814697
0.5618000030517578
0.5663999915122986
0.5637999773025513
0.562999963760376
0.5649999976158142
0.5595999956130981
0.5577999949455261
0.5619999766349792
0.5537999868392944
0.5661999583244324
0.5699999928474426
0.5586000084877014
0.5583999752998352
0.5519999861717224
0.5733999609947205
0.5582000017166138
0.562999963760376
0.5600000023841858
0.5691999793052673
0.5619999766349792
0.5618000030517578
0.562999963760376
0.5564000010490417
0.5569999814033508
0.5604000091552734
0.5659999847412109
0.5618000030517578
0.5604000091552734
0.5573999881744385
0.5659999847412109
0.5717999935150146
0.5627999901771545
0.5701999664306641
0.5649999976158142
0.5623999834060669
0.5529999732971191
0.5523999929428101
0.5579999685287476
0.5661999583244324
0.5601999759674072
0.5681999921798706
0.5667999982833862
0.5600000023841858
0.5557999610900879
0.5565999746322632
0.5661999583244324
0.5633999705314636
0.5569999814033508
0.5565999746322632
0.5655999779701233
0.5654000043869019
0.5776000022888184
0.5649999976158142
0.56659996509552
0.5645999908447266
0.5593999624252319
0.5669999718666077
0.5661999583244324
0.5525999665260315
0.5719999670982361
0.5455999970436096
0.5637999773025513
