4.620596885681152
4.379311561584473
4.099014759063721
3.820131540298462
3.5996062755584717
3.382685899734497
3.2159268856048584
3.013681650161743
2.914736032485962
2.7997653484344482
2.6928935050964355
2.639293909072876
2.587017059326172
2.513700008392334
2.4841384887695312
2.40897536277771
2.40423583984375
2.3389110565185547
2.3456709384918213
2.321737766265869
2.2878708839416504
2.256831169128418
2.2396223545074463
2.183562755584717
2.241438150405884
2.1743533611297607
2.165283203125
2.1626594066619873
2.1734471321105957
2.142033100128174
2.123013973236084
2.140125274658203
2.1092886924743652
2.083838939666748
2.1331241130828857
2.1052942276000977
2.0870871543884277
2.1151669025421143
2.1235172748565674
2.1009814739227295
2.047602653503418
2.1231839656829834
2.099287986755371
2.118074893951416
2.0917208194732666
2.0890517234802246
2.0907809734344482
2.1029837131500244
2.0738656520843506
2.0754239559173584
2.0881149768829346
2.0891730785369873
2.075458288192749
2.0704448223114014
2.0644404888153076
2.084712028503418
2.069723606109619
2.0427463054656982
2.073653221130371
2.0746073722839355
2.0611233711242676
2.10254168510437
2.0275535583496094
2.0298733711242676
2.0948073863983154
2.0546934604644775
2.0826237201690674
2.043842077255249
2.073723316192627
2.052936315536499
2.087716817855835
2.041653633117676
2.0870120525360107
2.0335094928741455
2.049880266189575
2.09304141998291
2.026350498199463
2.0761682987213135
2.039592742919922
2.056753396987915
2.020787239074707
2.1191565990448
2.064068555831909
2.0483510494232178
2.031710624694824
2.077538013458252
2.013873338699341
2.042987585067749
2.0712950229644775
2.070523262023926
4.614017009735107
4.419037342071533
4.170750141143799
3.9380016326904297
3.753570318222046
3.516178846359253
3.359311819076538
3.1707394123077393
3.1019294261932373
2.998817205429077
2.8841817378997803
2.822927474975586
2.8081326484680176
2.7019009590148926
2.6725821495056152
2.649137020111084
2.601245641708374
2.5318660736083984
2.579730749130249
2.5474917888641357
2.5172152519226074
2.5471973419189453
2.489649772644043
2.4606668949127197
2.4741334915161133
2.383683204650879
2.410768747329712
2.389726400375366
2.4246115684509277
2.426534652709961
2.3808631896972656
2.382401704788208
2.377845287322998
2.312563180923462
2.297572374343872
2.3902640342712402
2.3718647956848145
2.303515911102295
2.36759090423584
2.34409236907959
2.3134262561798096
2.300766706466675
2.3094353675842285
2.345675230026245
2.279405355453491
2.2236452102661133
2.2657454013824463
2.3404879570007324
2.3017947673797607
2.2907516956329346
2.297072172164917
2.251049280166626
2.254875898361206
2.293646812438965
2.2405922412872314
2.2550551891326904
2.2402546405792236
2.2765932083129883
2.2347052097320557
2.251718521118164
2.2479424476623535
2.2168045043945312
2.156247854232788
2.2895734310150146
2.2560524940490723
2.234558343887329
2.2206592559814453
2.2652511596679688
2.272477388381958
2.227771759033203
2.2589223384857178
2.2285568714141846
2.2343268394470215
2.263798236846924
2.2044930458068848
2.2509257793426514
2.2399070262908936
2.203258514404297
2.197817087173462
2.2468013763427734
2.233957290649414
2.247144937515259
2.2098660469055176
2.2168467044830322
2.238888740539551
2.2540969848632812
2.2167530059814453
2.202561616897583
2.234684944152832
2.224055051803589
2.211993932723999
2.2354280948638916
2.220741033554077
2.2404284477233887
2.222731113433838
2.233109474182129
2.222970724105835
2.2696478366851807
2.1787731647491455
2.195308208465576
2.227461099624634
2.2331790924072266
2.219212770462036
2.2766432762145996
2.1937801837921143
2.2418179512023926
2.234901189804077
2.149498462677002
2.2098939418792725
2.201146364212036
2.1972880363464355
2.241570234298706
2.2246105670928955
2.2223734855651855
2.1874263286590576
2.2582173347473145
2.167720079421997
2.24526309967041
2.2003650665283203
2.2006759643554688
2.198392152786255
2.2012436389923096
2.2082138061523438
2.2049453258514404
2.223007917404175
2.208137273788452
2.262484312057495
2.199450731277466
2.1830692291259766
2.220958709716797
2.23160457611084
2.2563107013702393
2.1797094345092773
2.222161054611206
2.214860677719116
2.2294762134552
2.157963752746582
2.206364631652832
2.204296350479126
2.19750714302063
2.229952812194824
2.2189762592315674
2.199153423309326
2.1921064853668213
2.2202465534210205
2.2157933712005615
2.2435319423675537
2.189934253692627
2.1609439849853516
2.2208008766174316
2.185235023498535
2.180875062942505
2.20115065574646
2.2403082847595215
2.2477738857269287
2.2357161045074463
2.186945915222168
2.2169854640960693
2.214259147644043
2.1735587120056152
2.2171757221221924
2.2236099243164062
2.240837574005127
2.179499387741089
2.2061476707458496
2.22308611869812
2.23178768157959
2.19997501373291
2.2090258598327637
2.1426002979278564
2.191063165664673
2.2087817192077637
2.2076241970062256
2.2218751907348633
2.1687817573547363
2.174609661102295
2.2538022994995117
2.1719870567321777
2.2752015590667725
2.191929340362549
