2.301403760910034
2.3007333278656006
2.3004467487335205
2.2997167110443115
2.299254894256592
2.299036979675293
2.298457384109497
2.298102378845215
2.2975199222564697
2.2969255447387695
2.2970800399780273
2.296027421951294
2.2951817512512207
2.2952771186828613
2.2940616607666016
2.2935094833374023
2.293586492538452
2.2930617332458496
2.292078971862793
2.2923200130462646
2.291116714477539
2.2913081645965576
2.289586305618286
2.2899820804595947
2.2881619930267334
2.2885360717773438
2.2873165607452393
2.2870471477508545
2.2873647212982178
2.284989833831787
2.2854113578796387
2.284759044647217
2.284376859664917
2.281932830810547
2.283421039581299
2.281726837158203
2.281254768371582
2.2804226875305176
2.2805683612823486
2.2800345420837402
2.2792415618896484
2.277611255645752
2.276791572570801
2.2771849632263184
2.2765822410583496
2.275618553161621
2.2728469371795654
2.273707389831543
2.275632619857788
2.272481918334961
2.271343231201172
2.27197003364563
2.269043445587158
2.271397113800049
2.268771171569824
2.269305944442749
2.268383264541626
2.2667834758758545
2.2651548385620117
2.2644097805023193
2.2633256912231445
2.2646875381469727
2.263455867767334
2.263120174407959
2.2605278491973877
2.2614336013793945
2.25961971282959
2.2586350440979004
2.2570717334747314
2.2589118480682373
2.256312847137451
2.2550418376922607
2.2566909790039062
2.253868579864502
2.253082513809204
2.252901077270508
2.2507615089416504
2.249713659286499
2.248098611831665
2.2528536319732666
2.2513206005096436
2.2472517490386963
2.2468695640563965
2.2445878982543945
2.241217851638794
2.2451839447021484
2.240044116973877
2.242370843887329
2.2415924072265625
2.239894151687622
2.2378005981445312
2.2367138862609863
2.238471746444702
2.237787961959839
2.2347445487976074
2.2358996868133545
2.229128837585449
2.2340779304504395
2.2341148853302
2.22758412361145
2.228085994720459
2.230804920196533
2.227768898010254
2.227707624435425
2.221137285232544
2.2252979278564453
2.221384286880493
2.21970534324646
2.2246177196502686
2.2190334796905518
2.2216384410858154
2.218984842300415
2.216817617416382
2.213115930557251
2.212470769882202
2.2136685848236084
2.211768388748169
2.2108259201049805
2.210000514984131
2.209820032119751
2.20847487449646
2.205845355987549
2.207371950149536
2.203778028488159
2.2020609378814697
2.202711820602417
2.203097343444824
2.1922922134399414
2.201253890991211
2.199728012084961
2.1980690956115723
2.1972591876983643
2.192279577255249
2.188868999481201
2.1927573680877686
2.194366455078125
2.1856656074523926
2.194718837738037
2.1825485229492188
2.1808762550354004
2.1804521083831787
2.1796793937683105
2.1853840351104736
2.1809589862823486
2.181919574737549
2.1706697940826416
2.174966335296631
2.1764891147613525
2.1778273582458496
2.1770784854888916
2.1713883876800537
2.171571969985962
2.164781332015991
2.175791025161743
2.159891128540039
2.1625120639801025
2.167492628097534
2.1605656147003174
2.1675233840942383
2.15269136428833
2.157252073287964
2.1561379432678223
2.1609904766082764
2.1576313972473145
2.1457202434539795
2.1532490253448486
2.156367063522339
2.1477084159851074
2.144681692123413
2.1425483226776123
2.14151668548584
2.142402410507202
2.1428329944610596
2.138144016265869
2.1475207805633545
2.136064052581787
2.1377806663513184
2.139188289642334
2.1344010829925537
2.1292812824249268
2.1266748905181885
2.133604049682617
2.1370885372161865
2.1262874603271484
2.118234872817993
2.125580072402954
2.1127407550811768
2.12583327293396
2.1280133724212646
2.1158785820007324
2.11781907081604
2.1119544506073
2.106875419616699
2.119701385498047
2.118117094039917
2.102308511734009
2.1083426475524902
2.106839895248413
2.1069698333740234
2.1158645153045654
2.1010632514953613
2.100497245788574
2.1123180389404297
2.093876838684082
2.096064805984497
2.091770887374878
2.087880849838257
2.100752353668213
2.0930185317993164
2.096940755844116
2.0942869186401367
2.0873970985412598
2.0813493728637695
2.090013265609741
2.081512928009033
2.0830090045928955
2.0823774337768555
2.070481061935425
2.0846993923187256
2.0804924964904785
2.0807762145996094
2.063227891921997
2.076204776763916
2.07727313041687
2.068769931793213
2.064196825027466
2.067963123321533
2.0650055408477783
2.0678257942199707
2.068166732788086
2.0694644451141357
2.061758041381836
2.055652618408203
2.0534167289733887
2.058879852294922
2.0647225379943848
2.051182985305786
2.0522286891937256
2.057711362838745
2.0386226177215576
2.0479753017425537
2.0447521209716797
2.061394214630127
2.0392420291900635
2.0393269062042236
2.0520946979522705
2.046050786972046
2.0344839096069336
2.0368330478668213
2.030654191970825
2.0368759632110596
2.0210001468658447
2.0342957973480225
2.031661033630371
2.047559976577759
2.0368735790252686
2.0243752002716064
2.0224196910858154
2.0218770503997803
2.0336596965789795
2.03037166595459
2.0226192474365234
2.0132064819335938
2.020826578140259
2.0207040309906006
2.0291152000427246
2.016688823699951
2.007842540740967
2.0096700191497803
2.0143380165100098
2.0051767826080322
2.017385721206665
2.019418478012085
2.0072083473205566
1.997916579246521
2.001642942428589
2.012237310409546
2.0110533237457275
2.006795644760132
1.985915184020996
2.0013906955718994
1.9881367683410645
1.9940764904022217
1.9983347654342651
2.0114104747772217
1.9804582595825195
1.9969640970230103
1.9888358116149902
1.994513988494873
2.004977226257324
1.9858311414718628
1.9984779357910156
1.980303406715393
1.9845529794692993
1.988366961479187
1.984086513519287
1.981975793838501
1.993003249168396
1.9592037200927734
1.9945075511932373
1.97039794921875
1.9747909307479858
1.9801353216171265
1.9867640733718872
1.9734395742416382
1.9764035940170288
1.9702614545822144
1.965238332748413
1.9641472101211548
1.9868412017822266
1.968950629234314
1.9667353630065918
1.9771385192871094
1.9623537063598633
1.961065649986267
1.96846342086792
1.969846487045288
1.9670296907424927
1.9694020748138428
1.9355266094207764
1.9594323635101318
1.9479398727416992
1.9582171440124512
1.9552514553070068
1.9715421199798584
1.9523611068725586
1.9561729431152344
1.9726873636245728
1.9518485069274902
1.9329166412353516
1.952775239944458
1.9585859775543213
1.9613020420074463
1.9410202503204346
1.9310487508773804
1.9520082473754883
1.9405725002288818
1.9385120868682861
1.9498388767242432
1.9450352191925049
1.9544767141342163
1.9294419288635254
1.9503889083862305
1.9322556257247925
1.9386717081069946
1.9250904321670532
1.9274381399154663
1.9515188932418823
1.9466753005981445
1.934809684753418
1.952546238899231
1.931351900100708
1.9188201427459717
1.9268789291381836
1.9373104572296143
1.9268702268600464
1.917994737625122
1.9442566633224487
1.9325525760650635
1.9257051944732666
1.9232099056243896
1.907425880432129
1.9383448362350464
1.9352209568023682
1.9254465103149414
1.925302267074585
1.9306005239486694
1.9111268520355225
1.9284101724624634
1.9158061742782593
1.914243459701538
1.9218010902404785
1.9292924404144287
1.9213773012161255
1.9067879915237427
1.92153000831604
1.93262779712677
1.9044264554977417
1.9175126552581787
1.9003735780715942
1.9229238033294678
1.9215266704559326
1.9181287288665771
1.8968329429626465
1.9013934135437012
1.9050178527832031
1.9012606143951416
1.9050498008728027
1.9159806966781616
1.9206151962280273
1.883487343788147
1.9186567068099976
1.9110772609710693
1.9028949737548828
1.916375756263733
1.8990272283554077
1.9061890840530396
1.8997576236724854
1.8990281820297241
1.9136935472488403
