0.0595703125
0.083984375
0.0791015625
0.1025390625
0.11172566562891006
0.1171875
0.1513671875
0.166015625
0.1708984375
0.17699114978313446
0.2119140625
0.216796875
0.2333984375
0.25
0.29867255687713623
0.2822265625
0.2880859375
0.3310546875
0.3193359375
0.29867255687713623
0.341796875
0.3515625
0.3505859375
0.3544921875
0.39269912242889404
0.3896484375
0.3935546875
0.41015625
0.4287109375
0.4701327383518219
0.46484375
0.4736328125
0.462890625
0.5244140625
0.49446901679039
0.5107421875
0.53515625
0.5576171875
0.541015625
0.5453540086746216
0.548828125
0.587890625
0.59765625
0.5693359375
0.5807521939277649
0.57421875
0.6318359375
0.603515625
0.5830078125
0.616150438785553
0.6171875
0.607421875
0.6455078125
0.6064453125
0.6216813921928406
0.62890625
0.6220703125
0.6298828125
0.66015625
0.6404867172241211
0.654296875
0.646484375
0.638671875
0.6455078125
0.6581858396530151
0.640625
0.65625
0.671875
0.6796875
0.6471238732337952
0.6630859375
0.6748046875
0.6455078125
0.67578125
0.6626105904579163
0.6748046875
0.671875
0.673828125
0.6826171875
0.6316371560096741
0.6396484375
0.67578125
0.666015625
0.681640625
0.6991150379180908
0.662109375
0.6875
0.66015625
0.669921875
0.6847345232963562
0.6923828125
0.66796875
0.666015625
0.65625
0.6858407258987427
0.673828125
0.693359375
0.6572265625
0.6591796875
0.6891592741012573
0.6904296875
0.650390625
0.6728515625
0.666015625
0.6991150379180908
0.662109375
0.67578125
0.69921875
0.6591796875
0.6825221180915833
0.6591796875
0.6728515625
0.671875
0.6943359375
0.6858407258987427
0.6875
0.6748046875
0.6728515625
0.681640625
0.6692478060722351
0.6748046875
0.685546875
0.6630859375
0.6884765625
0.6792035102844238
0.6826171875
0.6650390625
0.701171875
0.673828125
0.6692478060722351
0.6748046875
0.666015625
0.6865234375
0.6962890625
0.6725663542747498
0.6630859375
0.6953125
0.6474609375
0.7001953125
0.6957964301109314
0.685546875
0.6904296875
0.673828125
0.6767578125
0.6736725568771362
0.7021484375
0.6923828125
0.6787109375
0.6611328125
0.6681416034698486
0.6767578125
0.6796875
0.6962890625
0.6513671875
0.7079645991325378
0.693359375
0.666015625
0.693359375
0.658203125
0.7068583965301514
0.6865234375
0.6904296875
0.666015625
0.6748046875
0.7035398483276367
0.6708984375
0.666015625
0.693359375
0.693359375
0.7002212405204773
0.69140625
0.6962890625
0.681640625
0.6904296875
0.6659291982650757
0.6904296875
0.67578125
0.6826171875
0.6884765625
0.6902654767036438
0.7041015625
0.6669921875
0.6611328125
0.6982421875
0.7013274431228638
0.6767578125
0.7177734375
0.681640625
0.6689453125
0.6858407258987427
0.6962890625
0.69140625
0.6982421875
0.6748046875
0.6714601516723633
0.71484375
0.6875
0.69140625
0.6806640625
0.6581858396530151
0.6953125
0.6884765625
0.662109375
0.705078125
0.6858407258987427
0.703125
0.697265625
0.6748046875
0.6728515625
0.6913716793060303
0.6728515625
0.6904296875
0.6962890625
0.6826171875
0.7013274431228638
0.6904296875
0.681640625
0.7138671875
0.6728515625
0.6792035102844238
0.6796875
0.712890625
0.6845703125
0.6748046875
0.6902654767036438
0.7021484375
0.6845703125
0.693359375
0.6884765625
0.6725663542747498
0.6728515625
0.6826171875
0.6982421875
0.7041015625
0.6858407258987427
0.669921875
0.689453125
0.7021484375
0.6787109375
0.7046459913253784
0.6865234375
0.703125
0.6591796875
0.697265625
0.6991150379180908
0.666015625
0.68359375
0.7041015625
0.693359375
0.6980088353157043
0.6904296875
0.7177734375
0.685546875
0.6845703125
0.6626105904579163
0.6904296875
0.6982421875
0.6875
0.69921875
0.6681416034698486
0.6787109375
0.6865234375
0.7119140625
0.6826171875
0.6869469285011292
0.6669921875
0.689453125
0.7021484375
0.7021484375
0.6869469285011292
0.69921875
0.681640625
0.66796875
0.6904296875
0.7101770043373108
0.701171875
0.6767578125
0.6787109375
0.681640625
0.712389349937439
0.6826171875
0.7109375
0.701171875
0.6953125
0.653761088848114
0.716796875
0.6865234375
0.6953125
0.681640625
0.6659291982650757
0.6953125
0.6689453125
0.7138671875
0.689453125
0.6803097128868103
0.685546875
0.6943359375
0.6796875
0.7275390625
0.6581858396530151
0.7099609375
0.6923828125
0.685546875
0.66796875
0.6935840845108032
0.685546875
0.6962890625
0.7041015625
0.6943359375
0.6659291982650757
0.697265625
0.6962890625
0.6708984375
0.689453125
0.6957964301109314
0.6875
0.673828125
0.6845703125
0.677734375
0.7311946749687195
0.693359375
0.7109375
0.6865234375
0.6943359375
0.6626105904579163
0.693359375
0.685546875
0.6640625
0.685546875
0.7267699241638184
0.69140625
0.6806640625
0.677734375
0.6943359375
0.7090708017349243
0.6875
0.70703125
0.6962890625
0.6796875
0.6792035102844238
0.6728515625
0.7109375
0.6767578125
0.703125
0.6869469285011292
0.71484375
0.7060546875
0.6708984375
0.6728515625
0.6858407258987427
0.662109375
0.69140625
0.716796875
0.69921875
0.6803097128868103
0.693359375
0.7119140625
0.669921875
0.685546875
0.6902654767036438
0.6962890625
0.7158203125
0.6748046875
0.6728515625
0.6913716793060303
0.6875
0.6796875
0.7099609375
0.67578125
0.7002212405204773
0.703125
0.69140625
0.669921875
0.6865234375
0.7024336457252502
0.681640625
0.6689453125
0.70703125
0.6875
0.7101770043373108
0.673828125
0.67578125
0.685546875
0.7109375
0.7090708017349243
0.7060546875
0.7041015625
0.6923828125
0.681640625
0.6659291982650757
0.7236328125
0.67578125
0.6865234375
0.69140625
0.6736725568771362
0.6953125
0.689453125
0.693359375
0.6982421875
0.6747787594795227
